90
33 14544
5 10877
27 8234
51 9482
6 11107
22 20820
86 11457
53 24454
23 32355
30 26696
88 22751
28 6280
73 32041
81 19066
79 13751
39 12253
20 29410
68 29057
76 1680
62 26630
32 17168
0 10934
8 20999
16 1960
44 7509
35 15728
7 1407
17 25802
72 18507
4 32134
3 16868
25 18961
67 30956
47 17672
40 27431
31 6378
45 19267
12 23392
26 20716
80 27470
10 898
49 2470
19 29097
65 30572
38 9034
71 29288
1 26724
85 3934
87 7850
46 20512
69 25835
75 16999
60 15839
2 26073
82 7960
57 26914
84 9459
77 22386
42 4084
34 25068
83 2646
50 14255
14 29453
37 24983
24 5985
64 7972
21 13351
52 30678
55 3273
56 23190
54 19348
59 23914
29 28557
58 12061
41 30627
70 13233
63 4750
36 30647
13 12097
66 4046
61 8283
74 5864
48 21344
18 27860
78 14865
11 7684
43 32334
89 8680
9 29392
15 26763

78
53 0
34 64
74 17
12 45
74 32
60 30
83 56
58 14
30 64
21 5
23 0
69 79
77 30
86 64
82 76
47 62
39 53
63 7
32 42
27 32
78 33
45 7
82 36
79 68
34 22
29 32
89 41
74 14
31 11
29 80
32 45
37 74
24 34
5 0
51 6
2 56
75 17
20 68
12 84
5 17
47 30
2 7
59 82
43 86
50 74
54 16
72 22
64 87
13 89
7 27
44 1
59 88
47 19
60 66
36 44
30 22
66 71
32 16
26 80
60 84
19 3
5 69
83 45
84 56
12 63
33 55
89 10
48 57
15 11
45 62
56 66
56 80
82 13
25 48
49 1
2 67
38 67
84 79
